975233221	975233221
911739556	911739556
rpoq24a	937614962
975593852	975593852
909620720	909620720
0900210762	900210762
933928696	933928696
0906760168	906760168
916179052	916179052
976184319	976184319
968113219	968113219
916860171	916860171
972163620	972163620
936084954	936084954
a770915	979771188
903012099	903012099
love1237410	936655311
902576870	902576870
958095562	958095562
972842116	972842116
979772530	979772530
984056006	984056006
954087077	954087077
981913164	981913164
966309714	966309714
930621905	930621905
908127885	908127885
917906424	917906424
979322559	979322559
919282140	919282140
918924968	918924968
900605253	900605253
989166174	989166174
979917290	979917290
lazy0524	925167306
963651338	963651338
980989850	980989850
983337912	983337912
910702599	910702599
0972289207	972289207
953315210	953315210
909666074	909666074
968186595	968186595
love94520131420	911008587
911910675	911910675
0908127885	960202322
925506551	925506551
926565587	926565587
936163719	936163719
0911636591	911636591
900355952	900355952
vitaai	932037676
984383505	984383505
903622917	903622917
teng920407	974275599
981094547	981094547
989357936	989357936
983257089	983257089
bl80616	981725167
900560999	900560999
976475370	976475370
958588524	958588524
968816889	968816889
906375478	906375478
965817815	965817815
e011022	980755541
921098260	921098260
as385411	984155469
968032577	968032577
958641282	958641282
903233826	903233826
901276131	901276131
900358649	900358649
916221650	916221650
0976204335	937385661
Shao14yu	0979069605
909282632	909282632
lee6497	900005766
902638140	902638140
present828	961198883
909592521	909592521
guav920923	965627825
0905701422	905701422
1122hsj	979516871
975641292	975641292
0960990650	960990650
vegekoo123	955572619
qdsa1025	976353073
love710616love	937215900
981533372	981533372
gucci520091	972390475
918252036	918252036
ee931112	979755073
938292802	938292802
L125217216	909188814
911029137	911029137
985608237	977581468
Sottsyod	958239667
963326967	963326967
shutiao83	955607056
@020fpwzj	903193241
0905166520vincent	905166520
0989046001	989046001
o05.06	958050362
0976224720	976224720
wow20265678	909075130
922409237	922409237
2265218787	979736565
0073905210	966261082
968079741	968079741
978830732	978830732
0966826300	903522311
Shinee688	926277576
902535715	902535715
0937599881	937599881
a0930162740	930162740
979072005	979072005
972454522	972454522
0903152606	926366857
0978706656	978706656
960801814	960801814
a0716700	968010571
918698882	918698882
958219008	958219008
Laojin1993	989234450
spit_fire	953627699
0968799093	976576044
976730124	976730124
q0857957	966902837
976048034	976048034
908214099	908214099
916609187	916609187
967196591	967196591
989888411	989888411
916963637	916963637
937907810	937907810
978055891	978055891
983531181	983531181
988925877	988925877
love09090820	905022905
0962920962	972920962
+886900117330
+886900154062
+886900300368
+886901069995
+886902257500
+886903626326
+886903833918
+886903976316
+886903991263
+886905329521
+886905519723
+886905937692
+886906664721
+886906712203
+886907342633
+886907616041
+886907840678
+886907951165
+886908101689
+886908165801
+886908259597
+886908996329
+886909000356
+886909895705
+886910576529
+886910656517
+886910912159
+886911507838
+886911717213
+886911731673
+886912672152
+886916024121
+886916886619
+886917495726
+886922677317
+886928036875
+886928679405
+886928848734
+886952075715
+886958342058
+886958733464
+886961308100
+886962050361
+886963133275
+886965735220
+886965821331
+886966246200
+886966925495
+886966973957
+886967024289
+886967064805
+886967102640
+886967161979
+886968012591
+886968565910
+886972605815
+886972611867
+886973272935
+886976395971
+886976778495
+886978134677
+886979846534
+886980506824
+886980818030
+886981051229
+886981051766
+886981488411
+886983008777
+886983406135
+886983697273
+886985746800
+886985758186
+886987299691
+886987611013
+886987970210
+886989435022
.hxhzh
0080545911
008727
0131320061
0209wei
02285320
0282588880
0286301365
03120907
03310519
033912987
034250574
03758577
04230857
0505051
0505052
058197
070914911
08130857
08180607嚗????
0818102900
0821031
08271015
0873977665
08790853750
0900013153
0900051949
090008009
0900121083
0900125806
0900127773
0900136279
0900155764
0900165640
0900191262
0900220535
0900263371
0900268981
0900309491
0900343993
0900379040
0900428171
0900442904
0900449478
0900453695
0900461575
0900483665
0900490749
0900540207
0900627966
0900750116
0900778291=  ??9708778291
090088456
0901081790
0901099562a
0901176475
0901229136
0901233541
0901325399
0901342885
0901383886
0901405236
0902027267
0902056385
0902073933
0902105595
0902159179
0902212276
0902272108
0902273100
0902291809
0902300a
0902360903
0903010415
0903014427
0903058575
0903072032
0903075042
0903077541
0903077580
0903106583
0903116796
0903175821
0903212612
0903233603
0903277656
0903360049
0903369396
0903382807
0903410424
0903522337
0903569229
0903620133
0903659599
0903674296
0903721119
0903736300
090377580
0903828995
0903856574
0903858
0903869017
0903869017(?喲?擐剁?
0903876966
0903932717
0903939617
0903952965
0903978056
0905 7 2 3 0 4 6
0905022823
0905060469
0905072620
0905082294
0905144508
0905251959
0905267516\n
0905270478
0905281079
0905282379
0905292127
0905356906
0905359464
0905494534
0905516152
0905555634
0905626030
0905705556
0905709937
0905739379
0905777965
0905862118
0905927269
0906-690-599
0906020866
0906021949
0906040266
0906056451
0906096306
0906123258
0906131956
0906172668
0906177944
0906188184
0906203924
0906252756
0906298154
0906334202
0906361561
0906400258
0906414222
0906416263
0906525807
0906529429
0906606640
0906665869
0906750808
0906767679
0906773842
0906788938
0906800668
0906818265
0906898677
0906945822
0906955166
0906985577
0907002312
0907090016
0907100259
0907101244
0907122771
0907152488
0907207307
0907296528
0907399902
0907422941
0907477408
0907584167
0907600813
0907625990
0907722300
0907818928
0907860450
0907876967
0908149856
0908156618
0908172637
0908180112
0908190597
0908199201
0908202302
0908208776
0908260707
0908292692
0908299834
0908370297
0908472861
0908517690
0908527535
0908557613
0908559232
0908609817
0908610059
0908629058
0908651267
0908682292
0908702732
0908843451
0908851
0908856292
0908865721
0908871958
0908874507
0908876076
0908876078
0908901996
0908983002
0908989383
0908995026
0909006878
0909053600
0909136869
0909165163
0909189727
0909202517
0909274248
0909323638
0909327735
0909465617
0909572639
0909584584
0909606843??
0909617124
0909629012
0909682609
0909727966
0909757623
0909932160
0909960078
0909luck
0910314740
0910560226
0910560227
