0910597685
0910780744
0910995667
0911010998
0911011177
0911036227
0911059792
0911169587
0911218738
0911332294
0911501091
0911562176
0911711781
0911910980
0911912997
0912156930
0912205752
091229790
0912363422
0912463565
0912472058
0912538303
0912539957
0912750592
0912753073
0912755632
0912810735
0912866482
0912882343
0913028827
0913036651\n
0913386121
0913541611
0913583120
0913886812
0913911687
0914036651
0915170318
0915799639
0916104406
0916283699
0916287971
0916304389
0916306629
0916371330
0916399590
0916420023
0916432446
0916456609
0916468667
0916477528
0916622213
0916680766
0916773056
0916786007
0916820052
0916826472
0916834577
0916902718
0916905517
0916990316
0917007842
0917093171
0917204662
0917553405
0917684896
0917770907
0917849124
0917863680
0917881104
0917885909
0917959189
0918092067
0918099167
0918134630
0918610366
0918849839
0918951429
0919461047
0919531849
0919688821
0919810077
0919940
0920280355
0920351958
0920461682
0920920918
0921016332
0921319038
0921339831
0921728616
0921828877
0921956569
0922583483
0922678529
0922693935
0923600176
0923833300
0923931822
0925077165
0925089533
0925157521甇???
0925165728
0925277556
0925288102
0925325929
0925362969
0925363175
0925507909
0925721190
0925725276
0926112964
0926125923
0926158847
0926450016
0926515981
0926544967
0926588153
0926592913
0926979638
0927034348
0927135969
0927323581
0927760927
0927766635
0927877731
0927930107
0927958998
0927968573
0928116582
0928212792
0928223965
0928403737
0928404174
0928475681
0928654442
0928659702
092869304
0928795389
0928874562
0929318667
0929502730
0929885397
0930002682
0930219848
0930370667
0930404273
0930550161
0930568538
0930580777
0930585696
0930818070\n
0930921320
0930973301
0931068050
0931126541
0931211734
0931318251
0931362270
0931680151
0932-214793
0932363863
0932525655
0932709475
0933210821
0933251150????單偶銝趴uyungchung
0933336793
0933378163
0933420061
0933740926
0933789960
0933810307
0933882754
0934285548
0935090206
0935595521
0935794669
0935895959
0936102938
0936248900
0936267602
0936534107
0936540104
0936645236
0936654740
0936656122
0936836899
0937025751
0937036611
0937052951
0937087283
0937159191
0937178135
0937329001
0937505315
0937599750
0937670105
0937828579
0937854719
0937857770
0938006919
0938059201
0938081599
0938109556
0938118157
0938289123
0938427579
0938439138
0938525517
0938529538
0938569716
0938646660
0938678793#
0938679827
0938681802
0938805133
0938816082
0938883601\n
0938926150
0938926707
0938955092
0939007518
0939355626
0939537132
0939657199
0939752105
0939822141
0939909900
0952951532
0953398538
0955224820
0955546355
0955551562
09555896
0955661633
0955663491
0955902412
0955939702
0956023789
0956143675
0956336270
0956550033
095765443
09581095557
0958129515
0958150014
0958150181
0958213044
0958228744
0958275790
0958278290
0958299099
0958336512
0958369490
0958376078
0958383762
0958414898
0958448902
0958454066
0958456701
0958459395
0958493866
0958494538
0958529765
0958542078
0958597039
0958755952
0958778218
0958788844
0958816143
0958832324
0958842649
0958864359
0958882884
0958883449
0960953956
0960966526
0960978051
0960988397
0961185575
0961308100
0962013913
0963-628-782
0963055236
0963098737
0963601531
0963611539
0963629750
0963647997
0963705763
0963744988
0963771916
0963796920
0963798067
09638926150
0963906055
0963907177
0963908006
0963917055
0965030644
0965123162
0965158630
0965174593
0965232608
0965317993
0965321596
0965322290
0965444490
0965454997
0965496836
0965810633
0966050384
0966050790
0966062464
0966106623
0966136769
0966158350
0966168380
0966171950
0966201799
0966220619
0966241408
0966266414
0966322258
0966428847
0966513678
0966691731
0966803010
0966813925
0966815719
0966871213
0966904118
0966908268
0966958867
0967016037a
0967021837
0967029365
0967048199
0967109813
0967109813\n
0967208544
0967219215
0967358869
0967362272
0968012591
0968079637
096828233
0968302268
0968481113
0968558050
0968578378
0968580922
0968619542
0968640251
0968654056
0968765276
0968769577
0968788052
0968802724
0968812686\n
0968815701
0968829368
0968832958
0968857929
0968868892
0968888464
0968927039
0968951773
0970015202
0970017037
0970037353
0970043939
0970264053
0970299984
0970309668
0970482640
0970552518
0970581031
0970682110
0970720782
0970755892
0970778321. 0900778291
0970962801
0971246490
0971285053
0971306107
0971320990
0971663907
0971835968
0972209771
0972272332
0972291914
0972382155
0972443785
0972541493
0972606379
0972608690
0973005722
0973099670
0973141251
0973176808
0973265687
097338117
0973527276
0973621505
0973672866
0973807980
0973830859
0973886510
0974254052
0974311912
0975-391-300
0975000511
0975039535
0975057067
0975125532
0975151177
0975155176
0975184755
0975191551
0975279710
0975290819
0975343312
0975391300
0975554756
0975653957
0975795151
0975866385
0975903337
0975921571
0975937276
0976020976
0976067268
0976111190
0976155971
097616992
0976169921
0976179795
0976198935
0976215907
0976298581
0976317221
0976319513
0976366407
0976395971
0976402683
0976412779
0976435319
0976469049
0976505021
0976521959
0976551761
0976556482
0976661082
0976709670
0976713343
0976829618
0976845227
0976955866
